2205.13917
2206.10980
2205.06186
2204.05219
2206.00916
2012.09454
2209.02437
2204.11383
2203.15822
2203.16950
2205.12275
2204.05850
2205.14963
2110.10761
2206.09443
2206.07068
2206.11047
2206.12817
2112.12796
2202.09430
2205.11136
2206.11098
2110.04423
2205.12882
2205.08637
2206.01021
2205.00229
2203.11757
2204.02416
2202.09475
2207.01496
2205.02858
2206.00425
2205.15697
2206.14689
2206.00782
2206.09886
2206.02754
2203.11288
2204.00422
2206.01037
2206.00417
aa/2022131
2206.09780
2206.04427
2205.09136
2203.16276
2203.03194
2206.07749
2202.04019
